dates_input <- c('2020-05-03',
                 '2020-05-10')
