dates_input <- c('2020-05-10',
                 '2020-05-17',
                 '2020-05-24',
                 '2020-05-31',
                 '2020-06-07',
                 '2020-06-14',
                 '2020-06-21',
                 '2020-06-28',
                 '2020-07-05',
                 '2020-07-12')
